[HEADER]
VERSION=3
CAMERA_COUNT=4
SET_NAME=

[CAMERA_0]
NAME=Overview
POSITION=-56.4813 ,13.9193 ,24.346
FORWARD=0.753125 ,-0.352273 ,-0.555614
UP=0.283479 ,0.935897 ,-0.209134
MIN_FOV=48
MAX_FOV=48
IN_POINT=0
OUT_POINT=0.25
SHADOW_SPLIT0=1.8
SHADOW_SPLIT1=20
SHADOW_SPLIT2=180
NEAR_PLANE=0.1
FAR_PLANE=5000
MIN_EXPOSURE=0
MAX_EXPOSURE=10000
DOF_FACTOR=10
DOF_RANGE=10000
DOF_FOCUS=0
DOF_MANUAL=0
SPLINE=
SPLINE_ROTATION=0
FOV_GAMMA=1
SPLINE_ANIMATION_LENGTH=15
IS_FIXED=1

[CAMERA_1]
NAME=Cam2
POSITION=-22.4101 ,3.62192 ,9.69588
FORWARD=0.697406 ,-0.151414 ,-0.7005
UP=0.10683 ,0.98847 ,-0.107303
MIN_FOV=48
MAX_FOV=48
IN_POINT=0.25
OUT_POINT=0.6
SHADOW_SPLIT0=1.8
SHADOW_SPLIT1=20
SHADOW_SPLIT2=180
NEAR_PLANE=0.1
FAR_PLANE=5000
MIN_EXPOSURE=0
MAX_EXPOSURE=10000
DOF_FACTOR=10
DOF_RANGE=10000
DOF_FOCUS=0
DOF_MANUAL=0
SPLINE=
SPLINE_ROTATION=0
FOV_GAMMA=0
SPLINE_ANIMATION_LENGTH=15
IS_FIXED=1

[CAMERA_2]
NAME=cam3
POSITION=62.9508 ,7.29862 ,10.877
FORWARD=-0.950729 ,-0.253213 ,-0.178883
UP=-0.248846 ,0.96741 ,-0.0468223
MIN_FOV=48
MAX_FOV=48
IN_POINT=0.6
OUT_POINT=0.8
SHADOW_SPLIT0=1.8
SHADOW_SPLIT1=20
SHADOW_SPLIT2=180
NEAR_PLANE=0.1
FAR_PLANE=5000
MIN_EXPOSURE=0
MAX_EXPOSURE=10000
DOF_FACTOR=10
DOF_RANGE=10000
DOF_FOCUS=0
DOF_MANUAL=0
SPLINE=
SPLINE_ROTATION=0
FOV_GAMMA=0
SPLINE_ANIMATION_LENGTH=15
IS_FIXED=1

[CAMERA_3]
NAME=cam4
POSITION=-21.656 ,0.989866 ,18.0747
FORWARD=0.979483 ,-0.0319936 ,-0.198987
UP=0.0313546 ,0.999488 ,-0.00636894
MIN_FOV=48
MAX_FOV=48
IN_POINT=0.8
OUT_POINT=1
SHADOW_SPLIT0=1.8
SHADOW_SPLIT1=20
SHADOW_SPLIT2=180
NEAR_PLANE=0.1
FAR_PLANE=5000
MIN_EXPOSURE=0
MAX_EXPOSURE=10000
DOF_FACTOR=10
DOF_RANGE=10000
DOF_FOCUS=0
DOF_MANUAL=0
SPLINE=
SPLINE_ROTATION=0
FOV_GAMMA=0
SPLINE_ANIMATION_LENGTH=15
IS_FIXED=1

