[PARAMETERS]
WIDTH=271
HEIGHT=137
X_OFFSET=44.7331657409668
Z_OFFSET=25.0059814453125
MARGIN=10
SCALE_FACTOR=0.3125
DRAWING_SIZE=10

