[PARAMETERS]
WIDTH=52
HEIGHT=51
X_OFFSET=53.148265838623
Z_OFFSET=15.410400390625
MARGIN=10
SCALE_FACTOR=1
DRAWING_SIZE=10

