[HEADER]
VERSION=3
CAMERA_COUNT=4
SET_NAME=

[CAMERA_0]
NAME=s/f
POSITION=3.93115 ,6.15659 ,54.116
FORWARD=-0.334463 ,-0.380188 ,-0.862318
UP=-0.137483 ,0.924909 ,-0.35446
MIN_FOV=60
MAX_FOV=60
IN_POINT=0
OUT_POINT=0.35
SHADOW_SPLIT0=1.8
SHADOW_SPLIT1=20
SHADOW_SPLIT2=180
NEAR_PLANE=0.1
FAR_PLANE=5000
MIN_EXPOSURE=0
MAX_EXPOSURE=10000
DOF_FACTOR=10
DOF_RANGE=10000
DOF_FOCUS=0
DOF_MANUAL=0
SPLINE=
SPLINE_ROTATION=0
FOV_GAMMA=0
SPLINE_ANIMATION_LENGTH=15
IS_FIXED=0

[CAMERA_1]
NAME=cam1
POSITION=-55.2688 ,20.6078 ,-13.5806
FORWARD=0.367755 ,-0.644218 ,0.670629
UP=0.309756 ,0.764843 ,0.564862
MIN_FOV=60
MAX_FOV=60
IN_POINT=0.35
OUT_POINT=0.7
SHADOW_SPLIT0=1.8
SHADOW_SPLIT1=20
SHADOW_SPLIT2=180
NEAR_PLANE=0.1
FAR_PLANE=5000
MIN_EXPOSURE=0
MAX_EXPOSURE=10000
DOF_FACTOR=10
DOF_RANGE=10000
DOF_FOCUS=0
DOF_MANUAL=0
SPLINE=
SPLINE_ROTATION=0
FOV_GAMMA=0
SPLINE_ANIMATION_LENGTH=15
IS_FIXED=0

[CAMERA_2]
NAME=cam2
POSITION=0.568048 ,3.38814 ,-53.4763
FORWARD=-0.949448 ,-0.247403 ,-0.193249
UP=-0.242433 ,0.968913 ,-0.0493436
MIN_FOV=60
MAX_FOV=60
IN_POINT=0.7
OUT_POINT=0.83
SHADOW_SPLIT0=1.8
SHADOW_SPLIT1=20
SHADOW_SPLIT2=180
NEAR_PLANE=0.1
FAR_PLANE=5000
MIN_EXPOSURE=0
MAX_EXPOSURE=10000
DOF_FACTOR=10
DOF_RANGE=10000
DOF_FOCUS=0
DOF_MANUAL=0
SPLINE=
SPLINE_ROTATION=0
FOV_GAMMA=0
SPLINE_ANIMATION_LENGTH=15
IS_FIXED=1

[CAMERA_3]
NAME=cam3
POSITION=3.93115 ,6.15659 ,54.116
FORWARD=-0.334463 ,-0.380188 ,-0.862318
UP=-0.137483 ,0.924909 ,-0.35446
MIN_FOV=60
MAX_FOV=60
IN_POINT=0.83
OUT_POINT=1
SHADOW_SPLIT0=1.8
SHADOW_SPLIT1=20
SHADOW_SPLIT2=180
NEAR_PLANE=0.1
FAR_PLANE=5000
MIN_EXPOSURE=0
MAX_EXPOSURE=10000
DOF_FACTOR=10
DOF_RANGE=10000
DOF_FOCUS=0
DOF_MANUAL=0
SPLINE=
SPLINE_ROTATION=0
FOV_GAMMA=0
SPLINE_ANIMATION_LENGTH=15
IS_FIXED=0

