[PARAMETERS]
WIDTH=183
HEIGHT=180
X_OFFSET=191.795974731445
Z_OFFSET=74.5095672607422
MARGIN=10
SCALE_FACTOR=0.998004019260406
DRAWING_SIZE=10

