[MAIN]
OVERLAYS_COUNT=3

[CHECKPOINT_0]
WORLD_POSITION=-3.90788 ,0.29901 ,20.0467
OFFSET=-1.16795 ,3 ,0
WIDTH=15
HEIGHT=1.5
ORIENTATION=-0.0160462 ,-3.27216e-007 ,-0.999871

[CHECKPOINT_1]
WORLD_POSITION=-56.0208 ,0.298943 ,22.2416
OFFSET=0.627895 ,3 ,0
WIDTH=15
HEIGHT=1.5
ORIENTATION=0.0671531 ,5.43577e-005 ,0.997743

[CHECKPOINT_2]
WORLD_POSITION=-57.3868 ,0.298812 ,-47.7754
OFFSET=0.739392 ,3 ,0
WIDTH=15
HEIGHT=1.5
ORIENTATION=0.0747021 ,5.11515e-005 ,0.997206

