[PARAMETERS]
WIDTH=88.4878082275391
HEIGHT=184.487808227539
X_OFFSET=66.9094314575195
Z_OFFSET=68.6308898925781
MARGIN=9.7560977935791
SCALE_FACTOR=0.666222512722015
DRAWING_SIZE=10

