[PARAMETERS]
WIDTH=69
HEIGHT=39
X_OFFSET=6.04567050933838
Z_OFFSET=10.6889486312866
MARGIN=10
SCALE_FACTOR=1.00100100040436
DRAWING_SIZE=10

